sequential/dense/kernel:0
(784, 128)
[[ 0.05907454  0.07637455 -0.04385437 ...  0.0622502  -0.03568976
   0.03729767]
 [ 0.00992791  0.06013585  0.01580473 ... -0.02308767 -0.04752969
  -0.03825257]
 [-0.00758063  0.01266115 -0.04462854 ...  0.011389    0.02492204
   0.06401118]
 ...
 [-0.02235179  0.04323156  0.05922983 ...  0.01386803 -0.00556105
  -0.03766155]
 [ 0.07928985  0.01578026 -0.03721975 ...  0.06474643 -0.03171046
  -0.0690134 ]
 [ 0.03013785 -0.03199945 -0.05623239 ... -0.05699258  0.07972065
  -0.05752914]]
sequential/dense/bias:0
(128,)
[ 0.02950087 -0.08443325  0.06946724  0.01722333  0.12661874  0.06389983
  0.03896468 -0.02134507 -0.02523969  0.24279664 -0.15103641 -0.06014176
  0.11851694  0.28389832 -0.13793695  0.03698383 -0.03530594  0.14801672
 -0.5156021   0.10765317 -0.03673088  0.04554459  0.24398464 -0.02487703
  0.05941673 -0.00247102  0.1494874   0.17180173  0.00091349 -0.00315045
  0.01781956 -0.26132208 -0.03281408 -0.00790367  0.36119598  0.15996723
 -0.08375892 -0.01469819  0.1434647   0.03649044 -0.04047671  0.06811433
  0.03194456 -0.3258416  -0.10918532  0.39393476  0.41626522  0.11779578
  0.16824912 -0.05192521  0.06980962 -0.1942368  -0.26499224 -0.08737556
  0.01505524 -0.00443767 -0.06466072 -0.16218364  0.00485766 -0.0015948
 -0.09534536  0.3689528  -0.2654582  -0.02194008  0.27115518 -0.22023995
 -0.25694773 -0.06873971  0.07947201 -0.03857498 -0.09230383 -0.06645768
  0.01983508 -0.01475251  0.1582458  -0.00736753  0.02559512  0.21210161
 -0.17085196 -0.00578297 -0.05569559  0.06501996 -0.2772291   0.2538107
  0.0365348   0.27888265 -0.09064217  0.11462854 -0.05070091  0.23572329
  0.22035867  0.01094374 -0.08696991  0.2281811   0.08898021  0.11642583
  0.27301785 -0.19297272  0.22331558  0.11413992 -0.07998087 -0.02754332
 -0.00283834  0.11220498  0.01930675  0.09567063 -0.29473108  0.09843709
 -0.08371958 -0.2483504  -0.07603069 -0.2533522  -0.07877973 -0.0404463
  0.27857596 -0.02167676 -0.17837714  0.04880638 -0.2573047  -0.16782543
  0.02485237  0.01802154 -0.02439988  0.1877582   0.00274176  0.01809889
 -0.06059583  0.32208183]
sequential/dense_1/kernel:0
(128, 10)
[[ 0.2646092   0.10771285 -0.09848522 ... -0.24175358  0.05419384
   0.32665408]
 [ 0.01972923  0.32800123 -0.19310868 ... -0.25067705  0.44768012
   0.04710367]
 [-0.10420648 -0.17126627  0.27722275 ... -0.5979438   0.28891808
   0.29335818]
 ...
 [-0.20550972 -0.03644827 -0.63560873 ... -0.7017516  -0.09626146
  -0.5258677 ]
 [ 0.32433233  0.39827284 -0.327627   ...  0.12795763 -0.07147201
  -0.24641767]
 [-0.5145321  -0.62897235 -0.5610345  ...  0.38732058 -0.28322116
  -0.26526582]]
sequential/dense_1/bias:0
(10,)
[-0.16303086 -0.27890113 -0.01219145 -0.08540136  0.09479109 -0.02344178
 -0.10098331 -0.21351789  0.47058573  0.05642666]
